0	7
1	5
2	6
3	6
4	4
5	3
6	6
7	6
8	9
9	5
10	11
11	3
12	9
13	5
14	0
15	9
16	7
17	9
18	2
19	3
20	3
21	8
22	6
23	8
24	6
25	7
26	5
27	3
28	5
29	6
30	2
31	6
32	6
33	6
34	6
35	4
36	5
37	3
38	6
39	4
40	0
41	4
42	3
43	3
44	7
45	7
46	6
47	10
48	6
49	4
50	5
51	3
52	4
53	3
54	3
55	6
56	5
57	9
58	0
59	3
60	5
61	7
62	5
63	6
64	1
65	2
66	7
67	4
68	4
69	7
70	3
71	4
72	2
73	7
74	4
75	1
76	12
77	3
78	10
79	4
80	8
81	6
82	3
83	4
84	4
85	3
86	7
87	3
88	6
89	3
90	1
91	3
92	4
93	3
94	6
95	5
96	2
97	6
98	3
99	6
100	3
101	4
102	3
103	3
104	1
105	7
106	5
107	2
108	4
109	9
110	5
111	5
112	6
113	3
114	5
115	6
116	3
117	7
118	3
119	10
120	6
121	6
122	5
123	8
124	5
125	3
126	5
127	7
128	5
129	4
130	3
131	5
132	7
133	5
134	9
135	3
136	3
137	4
138	4
139	3
140	0
141	5
142	6
143	7
144	9
145	8
146	6
147	6
148	2
149	5
150	7
151	6
152	5
153	3
154	3
155	7
156	7
157	9
158	3
159	4
160	4
161	6
162	6
163	5
164	6
165	5
166	5
167	6
168	5
169	8
170	10
171	8
172	8
173	2
174	3
175	8
176	4
177	6
178	7
179	5
180	7
181	7
182	6
183	5
184	6
185	8
186	6
187	1
188	5
189	5
190	4
191	7
192	8
193	7
194	5
195	5
196	4
197	4
198	5
199	3
200	6
201	7
202	4
203	4
204	8
205	6
206	3
207	4
208	3
209	8
210	5
211	5
212	8
213	9
214	3
215	3
216	7
217	2
218	5
219	3
220	15
221	5
222	4
223	1
224	4
225	3
226	3
227	3
228	5
229	8
230	1
231	9
232	2
233	4
234	8
235	4
236	5
237	7
238	2
239	2
240	3
241	3
242	4
243	1
244	4
245	3
246	2
247	5
248	2
249	2
250	8
251	2
252	1
253	5
254	5
255	4
256	6
257	9
258	4
259	7
260	8
261	9
262	6
263	4
264	6
265	5
266	7
267	5
268	3
269	6
270	4
271	4
272	4
273	6
274	5
275	5
276	6
277	8
278	5
279	7
280	3
281	3
282	1
283	7
284	7
285	5
286	4
287	6
288	4
289	7
290	9
291	4
292	7
293	5
294	4
295	4
296	4
297	3
298	5
299	8
300	9
301	7
302	9
303	6
304	3
305	4
306	6
307	3
308	6
309	4
310	6
311	6
312	5
313	7
314	5
315	5
316	4
317	1
318	4
319	3
320	3
321	3
322	9
323	5
324	4
325	5
326	4
327	4
328	5
329	4
330	3
331	4
332	4
333	9
334	5
335	3
336	11
337	1
338	6
339	7
340	7
341	4
342	8
343	9
344	3
345	4
346	5
347	3
348	2
349	2
350	4
351	9
352	7
353	7
354	5
355	1
356	5
357	7
358	4
359	7
360	3
361	6
362	3
363	8
364	5
365	6
366	8
367	3
368	6
369	5
370	4
371	5
372	3
373	4
374	6
375	4
376	5
377	3
378	2
379	8
380	4
381	3
382	1
383	3
384	6
385	12
386	7
387	6
388	4
389	6
390	2
391	3
392	5
393	6
394	8
395	5
396	5
397	7
398	4
399	6
400	3
401	6
402	5
403	2
404	5
405	4
406	5
407	6
408	2
409	4
410	4
411	6
412	3
413	4
414	3
415	5
416	7
417	3
418	4
419	3
420	12
421	2
422	4
423	5
424	7
425	4
426	5
427	10
428	10
429	8
430	5
431	5
432	3
433	2
434	2
435	6
436	7
437	5
438	5
439	3
440	4
441	10
442	6
443	5
444	3
445	2
446	3
447	4
448	4
449	1
450	2
451	7
452	4
453	4
454	4
455	5
456	8
457	3
458	4
459	6
460	4
461	7
462	6
463	9
464	4
465	2
466	5
467	1
468	10
469	5
470	4
471	7
472	4
473	2
474	7
475	4
476	5
477	5
478	5
479	7
480	7
481	9
482	3
483	5
484	2
485	3
486	6
487	4
488	4
489	5
490	4
491	8
492	2
493	6
494	6
495	6
496	6
497	2
498	4
499	2
500	0
501	10
502	6
503	7
504	8
505	6
506	2
507	5
508	3
509	2
510	6
511	5
512	6
513	1
514	4
515	1
516	4
517	2
518	7
519	2
520	7
521	5
522	5
523	8
524	2
525	9
526	8
527	5
528	7
529	7
530	6
531	4
532	12
533	5
534	5
535	4
536	6
537	1
538	3
539	3
540	4
541	2
542	6
543	4
544	8
545	5
546	6
547	3
548	7
549	7
550	5
551	6
552	3
553	5
554	7
555	6
556	5
557	5
558	4
559	4
560	7
561	5
562	9
563	8
564	4
565	9
566	6
567	6
568	8
569	8
570	5
571	6
572	7
573	4
574	2
575	5
576	1
577	7
578	2
579	3
580	2
581	6
582	2
583	5
584	1
585	3
586	6
587	6
588	3
589	9
590	10
591	5
592	3
593	5
594	2
595	6
596	3
597	2
598	2
599	5
600	1
601	8
602	4
603	3
604	6
605	10
606	6
607	6
608	4
609	5
610	8
611	3
612	3
613	3
614	2
615	4
616	7
617	4
618	4
619	8
620	6
621	8
622	6
623	7
624	4
625	2
626	4
627	4
628	3
629	4
630	6
631	4
632	4
633	3
634	6
635	5
636	5
637	5
638	4
639	5
640	10
641	3
642	4
643	2
644	6
645	4
646	5
647	5
648	8
649	4
650	4
651	0
652	4
653	0
654	6
655	3
656	8
657	7
658	3
659	7
660	5
661	5
662	3
663	12
664	5
665	5
666	9
667	9
668	5
669	10
670	5
671	4
672	5
673	2
674	5
675	7
676	7
677	6
678	4
679	1
680	1
681	4
682	4
683	7
684	7
685	5
686	4
687	6
688	7
689	8
690	8
691	10
692	3
693	5
694	3
695	2
696	3
697	8
698	12
699	5
700	8
701	2
702	5
703	3
704	4
705	4
706	5
707	4
708	3
709	3
710	6
711	3
712	2
713	2
714	10
715	5
716	8
717	3
718	3
719	6
720	7
721	8
722	6
723	4
724	6
725	4
726	6
727	9
728	6
729	2
730	6
731	3
732	2
733	4
734	8
735	6
736	4
737	4
738	9
739	5
740	4
741	4
742	2
743	6
744	3
745	7
746	0
747	9
748	7
749	2
750	6
751	9
752	7
753	6
754	4
755	1
756	5
757	13
758	5
759	5
760	8
761	1
762	2
763	4
764	3
765	7
766	6
767	8
768	6
769	4
770	2
771	6
772	2
773	5
774	8
775	5
776	7
777	5
778	5
779	4
780	5
781	5
782	3
783	2
784	4
785	4
786	2
787	6
788	6
789	7
790	9
791	2
792	3
793	5
794	1
795	6
796	4
797	5
798	2
799	8
800	5
801	7
802	3
803	5
804	0
805	2
806	5
807	6
808	5
809	4
810	4
811	4
812	6
813	4
814	1
815	3
816	3
817	5
818	3
819	5
820	3
821	7
822	1
823	2
824	4
825	1
826	6
827	3
828	1
829	8
830	6
831	5
832	2
833	8
834	4
835	9
836	3
837	5
838	6
839	5
840	4
841	2
842	5
843	4
844	3
845	1
846	3
847	4
848	2
849	7
850	7
851	5
852	4
853	9
854	6
855	2
856	3
857	3
858	6
859	6
860	8
861	7
862	6
863	4
864	5
865	6
866	4
867	4
868	8
869	4
870	7
871	8
872	8
873	3
874	6
875	2
876	5
877	9
878	7
879	4
880	6
881	10
882	4
883	9
884	8
885	3
886	1
887	5
888	7
889	3
890	5
891	5
892	4
893	5
894	7
895	7
896	3
897	7
898	4
899	5
900	4
901	4
902	6
903	3
904	9
905	4
906	8
907	8
908	5
909	6
910	3
911	4
912	4
913	4
914	3
915	2
916	7
917	3
918	4
919	10
920	5
921	3
922	7
923	2
924	2
925	3
926	4
927	6
928	4
929	2
930	6
931	6
932	8
933	6
934	3
935	5
936	7
937	4
938	3
939	5
940	5
941	7
942	6
943	8
944	5
945	2
946	9
947	8
948	5
949	9
950	8
951	5
952	9
953	3
954	4
955	9
956	2
957	4
958	2
959	8
960	3
961	1
962	6
963	4
964	7
965	4
966	4
967	8
968	3
969	5
970	7
971	6
972	7
973	7
974	1
975	5
976	0
977	5
978	3
979	1
980	0
981	8
982	2
983	4
984	2
985	3
986	6
987	8
988	1
989	4
990	6
991	6
992	3
993	6
994	6
995	4
996	4
997	5
998	9
999	4
1000	3
1001	3
1002	7
1003	7
1004	2
1005	4
1006	4
1007	6
1008	3
1009	7
1010	2
1011	3
1012	4
1013	5
1014	5
1015	5
1016	5
1017	7
1018	6
1019	2
1020	4
1021	2
1022	9
1023	8
1024	4
1025	3
1026	5
1027	3
1028	7
1029	6
1030	1
1031	4
1032	5
1033	7
1034	6
1035	2
1036	5
1037	3
1038	4
1039	6
1040	11
1041	3
1042	5
1043	2
1044	3
1045	8
1046	3
1047	4
1048	11
1049	7
1050	7
1051	2
1052	3
1053	6
1054	6
1055	7
1056	4
1057	9
1058	6
1059	7
1060	7
1061	11
1062	1
1063	5
1064	3
1065	6
1066	6
1067	7
1068	5
1069	5
1070	5
1071	3
1072	1
1073	5
1074	4
1075	6
1076	4
1077	3
1078	3
1079	3
1080	5
1081	6
1082	7
1083	4
1084	8
1085	4
1086	6
1087	8
1088	5
1089	1
1090	9
1091	5
1092	4
1093	2
1094	9
1095	2
1096	5
1097	6
1098	4
1099	5
1100	9
1101	6
1102	3
1103	2
1104	5
1105	3
1106	4
1107	5
1108	3
1109	4
1110	6
1111	9
1112	2
1113	0
1114	10
1115	6
1116	3
1117	3
1118	1
1119	8
1120	9
1121	4
1122	2
1123	6
1124	1
1125	7
1126	3
1127	4
1128	3
1129	7
1130	2
1131	4
1132	3
1133	6
1134	5
1135	5
1136	6
1137	6
1138	4
1139	1
1140	4
1141	5
1142	8
1143	1
1144	2
1145	2
1146	5
1147	7
1148	6
1149	5
1150	8
1151	6
1152	6
1153	7
1154	4
1155	5
1156	4
1157	8
1158	9
1159	2
1160	1
1161	4
1162	9
1163	4
1164	2
1165	4
1166	5
1167	4
1168	2
1169	5
1170	3
1171	7
1172	7
1173	8
1174	4
1175	4
1176	5
1177	8
1178	8
1179	3
1180	5
1181	7
1182	4
1183	7
1184	6
1185	6
1186	12
1187	4
1188	1
1189	4
1190	12
1191	6
1192	6
1193	4
1194	5
1195	4
1196	2
1197	5
1198	6
1199	8
1200	6
1201	7
1202	5
1203	7
1204	7
1205	7
1206	3
1207	12
1208	3
1209	6
1210	4
1211	2
1212	7
1213	4
1214	9
1215	9
1216	2
1217	8
1218	7
1219	4
1220	6
1221	4
1222	7
1223	8
1224	5
1225	5
1226	2
1227	7
1228	9
1229	7
1230	13
1231	5
1232	6
1233	5
1234	7
1235	4
1236	5
1237	5
1238	7
1239	7
1240	10
1241	4
1242	2
1243	7
1244	6
1245	2
1246	6
1247	6
1248	3
1249	8
1250	5
1251	7
1252	6
1253	6
1254	9
1255	0
1256	6
1257	9
1258	3
1259	7
1260	4
1261	7
1262	3
1263	5
1264	6
1265	5
1266	2
1267	4
1268	4
1269	10
1270	4
1271	2
1272	6
1273	5
1274	2
1275	4
1276	10
1277	12
1278	5
1279	8
1280	12
1281	6
1282	8
1283	9
1284	3
1285	3
1286	3
1287	7
1288	6
1289	3
1290	8
1291	6
1292	5
1293	5
1294	6
1295	3
1296	6
1297	4
1298	4
1299	9
1300	3
1301	1
1302	6
1303	2
1304	3
1305	4
1306	2
1307	4
1308	4
1309	7
1310	4
1311	3
1312	5
1313	4
1314	9
1315	6
1316	3
1317	2
1318	8
1319	3
1320	5
1321	6
1322	4
1323	7
1324	2
1325	4
1326	4
1327	5
1328	3
1329	2
1330	4
1331	8
1332	5
1333	7
1334	8
1335	4
1336	3
1337	6
1338	6
1339	9
1340	2
1341	5
1342	6
1343	0
1344	1
1345	7
1346	7
1347	7
1348	7
1349	7
1350	4
1351	11
1352	9
1353	3
1354	7
1355	4
1356	7
1357	2
1358	4
1359	5
1360	5
1361	7
1362	5
1363	5
1364	7
1365	8
1366	5
1367	5
1368	7
1369	5
1370	3
1371	6
1372	5
1373	4
1374	6
1375	5
1376	4
1377	8
1378	2
1379	6
1380	4
1381	6
1382	4
1383	7
1384	4
1385	2
1386	9
1387	6
1388	5
1389	1
1390	3
1391	1
1392	8
1393	3
1394	3
1395	1
1396	8
1397	6
1398	3
1399	8
1400	3
1401	4
1402	8
1403	3
1404	6
1405	7
1406	2
1407	4
1408	6
1409	6
1410	2
1411	4
1412	6
1413	5
1414	9
1415	4
1416	8
1417	7
1418	1
1419	5
1420	7
1421	3
1422	5
1423	2
1424	11
1425	2
1426	2
1427	4
1428	5
1429	3
1430	4
1431	4
1432	7
1433	3
1434	6
1435	7
1436	5
1437	1
1438	5
1439	4
1440	2
1441	6
1442	7
1443	2
1444	6
1445	3
1446	3
1447	2
1448	4
1449	6
1450	3
1451	11
1452	4
1453	5
1454	5
1455	6
1456	2
1457	9
1458	2
1459	2
1460	4
1461	4
1462	5
1463	8
1464	8
1465	2
1466	1
1467	4
1468	3
1469	4
1470	2
1471	6
1472	3
1473	3
1474	4
1475	8
1476	3
1477	3
1478	9
1479	9
1480	7
1481	1
1482	6
1483	4
1484	5
1485	5
1486	5
1487	4
1488	8
1489	9
1490	10
1491	10
1492	4
1493	7
1494	4
1495	5
1496	7
1497	4
1498	2
1499	3
1500	1
1501	5
1502	4
1503	7
1504	8
1505	4
1506	4
1507	5
1508	4
1509	6
1510	4
1511	2
1512	5
1513	6
1514	8
1515	1
1516	8
1517	5
1518	6
1519	4
1520	3
1521	4
1522	2
1523	4
1524	6
1525	3
1526	2
1527	6
1528	3
1529	2
1530	7
1531	6
1532	5
1533	2
1534	3
1535	4
1536	4
1537	4
1538	6
1539	4
1540	10
1541	9
1542	5
1543	4
1544	3
1545	7
1546	4
1547	4
1548	2
1549	5
1550	12
1551	6
1552	5
1553	5
1554	3
1555	4
1556	5
1557	5
1558	6
1559	7
1560	3
1561	4
1562	6
1563	5
1564	10
1565	7
1566	6
1567	6
1568	5
1569	4
1570	6
1571	9
1572	8
1573	4
1574	7
1575	2
1576	2
1577	7
1578	4
1579	4
1580	5
1581	7
1582	7
1583	6
1584	6
1585	6
1586	4
1587	8
1588	2
1589	4
1590	4
1591	11
1592	5
1593	6
1594	2
1595	7
1596	4
1597	2
1598	7
1599	5
1600	4
1601	0
1602	5
1603	0
1604	10
1605	4
1606	3
1607	4
1608	7
1609	2
1610	6
1611	4
1612	3
1613	4
1614	4
1615	4
1616	3
1617	8
1618	2
1619	4
1620	6
1621	5
1622	7
1623	6
1624	6
1625	3
1626	7
1627	6
1628	5
1629	3
1630	3
1631	2
1632	3
1633	2
1634	4
1635	2
1636	7
1637	3
1638	5
1639	6
1640	5
1641	3
1642	5
1643	5
1644	4
1645	7
1646	10
1647	7
1648	9
1649	5
1650	2
1651	5
1652	5
1653	3
1654	6
1655	9
1656	5
1657	10
1658	2
1659	5
1660	2
1661	3
1662	4
1663	3
1664	2
1665	3
1666	7
1667	7
1668	4
1669	4
1670	3
1671	5
1672	4
1673	5
1674	0
1675	6
1676	7
1677	5
1678	5
1679	5
1680	5
1681	7
1682	3
1683	2
1684	4
1685	9
1686	4
1687	7
1688	1
1689	4
1690	3
1691	4
1692	3
1693	2
1694	4
1695	7
1696	4
1697	2
1698	6
1699	4
1700	2
1701	3
1702	6
1703	5
1704	6
1705	7
1706	6
1707	10
1708	5
1709	3
1710	5
1711	5
1712	3
1713	5
1714	4
1715	4
1716	3
1717	5
1718	3
1719	4
1720	3
1721	6
1722	1
1723	6
1724	5
1725	7
1726	5
1727	4
1728	6
1729	4
1730	5
1731	3
1732	4
1733	7
1734	2
1735	5
1736	1
1737	5
1738	7
1739	9
1740	2
1741	3
1742	5
1743	8
1744	6
1745	3
1746	6
1747	4
1748	9
1749	3
1750	5
1751	9
1752	11
1753	3
1754	5
1755	5
1756	7
1757	9
1758	4
1759	1
1760	5
1761	4
1762	6
1763	6
1764	7
1765	6
1766	8
1767	9
1768	4
1769	9
1770	2
1771	5
1772	4
1773	5
1774	6
1775	3
1776	5
1777	9
1778	1
1779	8
1780	4
1781	5
1782	5
1783	6
1784	5
1785	6
1786	2
1787	9
1788	8
1789	5
1790	4
1791	7
1792	2
1793	2
1794	6
1795	5
1796	9
1797	3
1798	3
1799	6
1800	4
1801	6
1802	3
1803	2
1804	3
1805	3
1806	2
1807	4
1808	7
1809	3
1810	3
1811	5
1812	5
1813	11
1814	5
1815	4
1816	9
1817	4
1818	5
1819	3
1820	6
1821	2
1822	3
1823	4
1824	1
1825	3
1826	3
1827	7
1828	4
1829	1
1830	5
1831	7
1832	8
1833	3
1834	7
1835	7
1836	5
1837	9
1838	8
1839	4
1840	5
1841	5
1842	6
1843	3
1844	3
1845	6
1846	1
1847	9
1848	8
1849	4
1850	5
1851	2
1852	6
1853	4
1854	5
1855	7
1856	7
1857	6
1858	7
1859	4
1860	5
1861	6
1862	6
1863	7
1864	4
1865	6
1866	1
1867	5
1868	8
1869	4
1870	2
1871	3
1872	7
1873	2
1874	5
1875	4
1876	5
1877	3
1878	4
1879	2
1880	7
1881	4
1882	5
1883	5
1884	4
1885	4
1886	3
1887	4
1888	6
1889	4
1890	5
1891	4
1892	7
1893	3
1894	6
1895	4
1896	8
1897	10
1898	2
1899	9
1900	3
1901	6
1902	5
1903	5
1904	7
1905	10
1906	3
1907	6
1908	1
1909	3
1910	6
1911	6
1912	5
1913	8
1914	7
1915	5
1916	3
1917	3
1918	8
1919	4
1920	8
1921	3
1922	2
1923	5
1924	3
1925	7
1926	7
1927	6
1928	7
1929	5
1930	2
1931	7
1932	5
1933	5
1934	2
1935	3
1936	8
1937	9
1938	3
1939	5
1940	9
1941	5
1942	3
1943	3
1944	5
1945	6
1946	5
1947	4
1948	10
1949	5
1950	4
1951	4
1952	3
1953	6
1954	1
1955	4
1956	3
1957	3
1958	4
1959	6
1960	5
1961	9
1962	5
1963	9
1964	5
1965	8
1966	3
1967	9
1968	4
1969	6
1970	3
1971	3
1972	4
1973	5
1974	7
1975	9
1976	1
1977	7
1978	5
1979	9
1980	3
1981	7
1982	4
1983	8
1984	6
1985	7
1986	8
1987	5
1988	2
1989	5
1990	4
1991	5
1992	1
1993	6
1994	7
1995	3
1996	2
1997	2
1998	7
1999	3
