1	119	422	428	469	1172
2	162	1982
3	15	499	661	852	934	1266
4	1670	1845	1848
5	506	507	1057	1068	1134	1846
6	10	219	1731
7	25	90	1170	1379	1670	1721	1797	1898
8	228	483	771	802	1570	1752	1773	1800	1883
9	1057	1596
10	6	1246	1251	1435	1595	1745	1969
11	48	288	1177	1487	1753	1920
12	470	682	898	1262
13	76	472	498	504	704	1156	1277	1947	1949
14	524	1209	1290	1402
15	3	272
16	177	432	811	1428	1521	1622	1995
17
18	159	575	898	1224	1613	1893
19	127	593	740	1049	1315
20	337	401	619	764	1171	1690	1819	1982
21	490	537	1159	1612
22	106	298	571	742	1145	1771	1782
23	45	739	804	818	1677
24	905	1978
25	7	83	449	569	691
26	29	268	2000
27	137	159	416	496	754	1224	1702	1788
28	123	459	1537	1913
29	26	131	144	1209	1609	1991
30	566	661	1222
31
32	198	1205	1323	1863
33	1120	1329	1571
34	116	254	329	460	593	691	1683	1896
35	333	366	473	502	1668
36	110	244	1225	1778
37	183	381	1072
38	245	360	553	739	1140	1552
39	1046	1224	1836
40	164	355	472	696	713	1652	1806
41	280	686	768	1112	1831	1950
42	314	362	1045	1101	1142	1238	1557
43	170	430	780	1077	1189	1962	1985
44	548	781
45	23	269	303	811	1328	1348	1357	1727
46	65	334	1291	1305	1521	1632
47	367	955	1008	1089	1352	1531	1863
48	11	102	1411	1931	1937
49	320	1156	1158	1583	1634
50
51	82	395	585	1097	1993
52	563	652	892	1698	1778
53	123	247	558	611
54	414	715	921	1714
55	1279	1429
56	624	746	1060	1210	1685
57	881	1064	1216
58	682	1014	1147	1914
59	201	770	1236	1526
60	86	207	394	712	1050	1084
61	453	743	841	1126	1261	1359	2000
62	479	483	657	899	1715
63	969	1393
64	501	517	536	621	835
65	46	265	774	820	905	1067
66	993	1001
67	516	658	820	1147	1406
68	544	1632	1872	1908
69	1112	1185	1259	1321
70	370	956	1210
71	431	808	1010
72	252	314	571	982	1221	1331	1532
73	78	223	628	810	1196	1568	1663
74	114	1103	1142	1260	1465
75	94	335	534	673	759	1577	1583	1968
76	13
77	328	372	917	1034	1645
78	73	121	1357	1587	1687	1932
79	204	644	745	877	898	1300	1759	1907
80	364	1015	1192	1354	1490	1686	1808
81	258	743	873	1660
82	51	385	505	1174	1212	1371	1869
83	25	919	1156	1163	1192	1445	1465
84	192	520	798	1208
85	1718
86	60	505	1342
87	661	792	875	1302
88	989	1163	1309	1876
89	446	944	1273	1606	1867	1981
90	7	596	993	1290	1310	1441	1471	1667
91	372	1293	1436
92	211	333	1771
93	181	420	741	746	1171	1254	1654	1772	1865
94	75	177	575	1223
95	194	848	1140	1157	1260
96	1246	1917
97	110	127	299	931	967	1118	1687
98	968
99	237	647	1554	1762	1817	1939
100	763	998	1649	1713
101	513	527	537	1134	1269	1515	1663	1885
102	48	412	902	1112	1214	1465	1899
103	142	291	1212	1515	1926
104	1318
105	385	514	1654
106	22	1104	1153	1310
107	854	880	1411
108	153	305	1665	1698
109	115	545	1105	1171	1685
110	36	97	144	710	1381	1556
111	1687	1931
112	164	652	707	820	1518
113	218	488	881	1390	1490	1758	1834	1870
114	74	172	1648
115	109	305	531	994	1273	1919
116	34	226	259	873	1346
117	965	1633	1688	1845
118	119	828	1150	1191	1427	1781
119	1	118	683	948	1155
120	516	603	1917
121	78	1345	1433
122	286	1206	1750	1859	1941
123	28	53	670	926	1124	1825
124	781	1150	1232	1750
125	127	359	686	1786
126	920	1099	1177	1202	1404	1893	1978
127	19	97	125	496	592	966	1221	1383	1408	1481	1720	1775	1853
128	209	561	1152
129	1686
130	214	385	696	962	1218	1378	1519
131	29	488	858	1067	1155	1240	1397	1702
132
133	1090	1195	1774	1934
134	453	522	1984
135	305	435	967	972	1213	1214	1260	1674	1911
136	602	1681
137	27	515	665	729	1054	1259	1743
138	409
139
140	153	245	375	376	385	448	677	1547	1914
141	1918	1936
142	103	456	607	1398	1583
143	390	556	833	1600	1797
144	29	110	384	388	816	1153	1357
145	794	812	1487
146	263	264	722	974	1153	1679	1701
147	185	641	1257	1292	1659
148	195	317	643	695	1974
149	1108	1393	1476
150	386	570	796	1184	1914
151	535	1882
152	222	1081	1291
153	108	140	557	570	635	793	1433	1840
154	219	329	585	690	929	998	1571	1755
155	667	1330	1391	1756
156	452	1273	1563
157	474	748	835	865	886	1010
158	279	876	1638	1730
159	18	27	1766	1800
160	324	500	877	938
161	515	1373	1969
162	2	1125	1198	1884
163	202	221	303	371	519	521	559	692	1041	1122	1342	1380	1666	1785
164	40	112	345	862	1280	1450	1942
165	505	537	1171	1646
166	209	284	694	786	1124	1750	1764
167	274	606	964	1469	1975
168	200	481	613	742
169	626	1310	1552	1746
170	43	694	1554	1771
171	1155	1169	1446	1464	1689	1809
172	114	183	356	1214	1598
173	184	360	500	820	951	1132	1715
174	186	247	270	396	513	638	677	687	749	1279	1670	1781
175	1727	1953
176	292	380	594	844	1090	1473	1576	1759
177	16	94	362	366	758	777	903	1047
178	545	574	706	1418	1525
179	810	1063	1074	1478
180
181	93	872	977	1223	1458	1988
182	590	929	1069	1688
183	37	172	657	905	987	1434	1505
184	173	582	1135	1408	1828	1885
185	147	232	440	834	880	1223	1267	1622
186	174	907	1225	1374
187	1050
188	607	720	735	1042	1164	1875
189	366	472	476	737	831	911
190	467	551	830	1036	1138	1917
191	1110	1856
192	84	847	860	1031	1224	1617	1941
193	368	374	631	1827	1991
194	95	915	1213	1235
195	148	254	701
196	709	909	1033	1506
197	401	562	843	1105	1593	1631
198	32	402	572	1320	1357	1909
199	231	449	477	884	892	966	1798
200	168	1342	1434
201	59	660	824	1226	1662	1903
202	163	700	1378	1380	1669
203	489	737	1088	1171	1519
204	79	222	555	889	1672
205	234	668	1013	1036
206	891	1109	1950
207	60	1212	1217	1464	1927
208	697	1145	1800
209	128	166	1936	1952
210	496	505	592	991	1183	1236
211	92	325	940	1067	1302	1318	1861	1889
212	624	648	964	1012	1260	1728
213	267	560	953	1939
214	130	386	1231	1491	1784
215	408	933	998	1371	1600
216	492	839	956	1090	1613
217	1042	1193
218	113	393	674	826	1711	1929
219	6	154	1774	1994
220	867	1976
221	163	257	451	1173	1554
222	152	204	437	480	988	1339
223	73	290	679	1664	1666
224	373	536	1023	1281	1323	1809	1971
225	292	487	1511	1606	1707	1833
226	116	405	1223	1350	1445	1499	1885
227	690	940	955	1171	1332	1485	1755
228	8	316	1246	1427	1500	1576	1637	1703	1922
229	328	391	1537
230	363	710	908	1510
231	199	737	1349	1984
232	185	412	1694	1791	1811
233	1128	1495	1541
234	205	548	586	602	704
235	411	470	1217	1516	1687	1808
236	704	1603
237	99	437	491	851	1031	1093	1680
238	757	1022	1055
239	321	435	633	844	930	1449	1535	1791
240	885	1237	1272	1781
241	887	1392	1780	1814
242	827	1054	1291	1298
243	579	713	1298	1456	1788
244	36	984
245	38	140	564	880	1099	1230	1469	1658
246
247	53	174	603	633	876	877	1078	1697
248	1967
249	555	577	585	1057	1611	1850
250	275	1789
251	1225	1443	1989
252	72	448	689	1793
253	535	588	1031	1112	1258	1486	1603
254	34	195	582	989
255	775	1300	1344
256	284	392	677	1086	1114	1315	1825	1862	1972
257	221	448	912	1064	1156	1162	1365
258	81	1990
259	116	749	889	1456	1622	1664	1677
260	618	696	1257	1901	1949
261	672	1261	1892
262	1609	1635
263	146	381	1490	1944
264	146	456	641	1202	1229	1712
265	65	331	336	395	793	972	1095	1394
266	409	462	1604	1770	1785
267	213	1193	1411	1830	1931
268	26	565	1245
269	45	1272	1576
270	174	790	816	977	1147
271	1652	1861
272	15	338	513	681	770	1182	1564	1665	1736
273	1417	1979
274	167	1174	1765
275	250	486	1282
276	1529	1713	1928	1968
277	573	841	1048	1928
278	782	846	1022	1737	1904
279	158	322	670	1132	1832
280	41	353	401	454	861	1014
281	1201	1223	1918
282	374	413	696	700	883	1334	1431	1655
283	1221
284	166	256	1292	1453	1829	1866
285	495	1415
286	122	929	1283	1864
287	599	1904
288	11	653	1101	1243	1609	1855
289	464	629	670	681	1409	1803	1866
290	223	364	564	703	734	881	1012	1103	1286	1544	1651	1769	1805	1827	1883
291	103	571	1095	1213	1273	1462
292	176	225	1775	1884
293	659	661	1321	1472
294	642	666	1207	1661	1910
295	570	773	1077	1521	1927
296	308	660	705	1280	1308	1749
297	637	826	863	1208
298	22	1653	1711	1822
299	97	839	843	857	975	1511
300	868	1229	1370	1649
301	676	726	1080	1619	1784
302	632	793	1440
303	45	163	432	1884
304	479	766	924	1309	1404	1483	1516
305	108	115	135	832	1152	1180	1789
306	599	998	1096	1793
307	325	777	806	1023	1279	1597	1671	1851
308	296	577	620	956	1273
309	622
310	333	706	945	1760
311	1197
312	506	662	834	910	1442	1752
313	739
314	42	72	458	749	1050
315	469	794	1180	1392
316	228	789	970	1430	1823
317	148	774	879	1365
318	325	582	634
319	1148	1198	1222	1393	1664	1959
320	49	1320	1545
321	239	343	768	1017	1044	1293	1561	1593
322	279	720	1396	1558	1941
323	1733
324	160	951	1024	1292	1940
325	211	307	318	349	989	1156	1983
326	993	1259	1605	1652	1668	1773
327	1380	1820
328	77	229	522	1067	1322
329	34	154	344	634	912
330	841	1114	1160
331	265	782
332	416	456	775	813	877
333	35	92	310	453	1513	1650
334	46	434	464
335	75	1877
336	265	557	622	910	981	1346	1520
337	20	680	1509	1594	1731
338	272	431	634	1449
339	365	473	1780
340	599	947	1175	1632	1819	1840	1992
341	1106	1355	1460	1738	1762
342	697	1119	1124	1194	1222	1986
343	321	428	780	1017	1951
344	329	513	665	719	1396	1578	1863	1938
345	164	1287	1295	1509	1843
346	735	1110	1385	1430	1687
347	404	880	1366	1405	1413
348	516	724	968	1200	1330	1459
349	325	384	615	699	878	1305	1453	1662
350	384	908	1104	1700
351	1018
352	522
353	280	634	1009	1345	1762	1837	1917
354	709	1334	1479	1796
355	40	582	595	677	1135	1298	1581	1847	1936
356	172	550	1077
357	808	1509
358	692	1255	1434
359	125	490	866	1653	1841
360	38	173	466	772	1576
361	556	1880	1900	1995
362	42	177	900	1075	1497	1802
363	230	1071	1350	1803
364	80	290	785	934	1125	1190	1278	1298	1693	1978
365	339	414	897	1463	1478	1829	1889
366	35	177	189	909	1044	1081	1195	1348	1861
367	47	1428	1889
368	193	1122	1440	1650
369	1272
370	70	382	686	1806
371	163	433	440	457	867	1084	1211	1396	1790
372	77	91	412	619	805	1308	1454	1548	1581
373	224	539	716	936	1564	1775	1803
374	193	282	523	654	693	1020
375	140	387	638	1146	1832
376	140	398	625	903
377	444	780	1316	1493	1668	1907	1910	1961
378
379	491	524	530	886	977	1804
380	176	673	719	1002	1149	1201	1215	1392	1834	1842	1848
381	37	263	1643	1901
382	370	1192	1772
383	709	1167
384	144	349	350	1679	1703	1791
385	82	105	130	140	672	775	1001	1553	1733	1920
386	150	214	399	1567	1866
387	375	409	530	586	1054
388	144	1304	1911
389	1284
390	143	1069
391	229	477	1916
392	256	626	722	937	942	949	1409	1851
393	218	1191	1677
394	60	516	568	926	983	987	1129	1314	1562
395	51	265	502	708	838	1572
396	174	409	431	843	1268	1346	1380	1414	1678
397	1017	1951
398	376	787	1257	1670
399	386	567	655	876	1211
400	1037	1126
401	20	197	280	1363	1965
402	198	1821
403	913	922
404	347	737	1705
405	226	1668
406	717	838	956	987	1059	1383
407	1196	1701	1901
408	215	462	618	987	1097	1365
409	138	266	387	396	1242	1667
410	910	1759
411	235	816	898	1625
412	102	232	372	1064	1112	1256	1911
413	282	619	1002	1196	1400
414	54	365	1675	1734
415	594	825	1135	1433	1545
416	27	332	536	1144	1760	1854
417	603	897	1113	1652	1681
418	509	798	805	1767
419	661	1885
420	93	575	675	779	1198	1669	1943
421	461	1297
422	1	845
423	926	930	1945
424	1040	1072	1913
425	633	941	1766	1921
426	564	1289	1630	1847	1868
427	650	807	953	1110	1796	1807
428	1	343	544	1683
429	494	1753
430	43
431	71	338	396	513	531
432	16	303	866	1287	1570
433	371	1568	1985
434	334	1285
435	135	239	1594	1610	1687
436	972
437	222	237	825	880	1975
438	754	1098	1333	1497	1849
439	644	653	954	1743
440	185	371	598	808	1012	1159	1577	1799
441	1035	1318	1920
442	942
443	460	674	794	1532	1679
444	377	470	1370	1450
445	632	781	1573	1655	1765
446	89	665	746	878
447	722	909	1381
448	140	252	257	1166	1310
449	25	199	450	751	949	1755	1904
450	449	699	757	808	1154	1353	1685	1933
451	221	908	972	1093	1117	1562	1593
452	156	1664	1776	1881	1947
453	61	134	333	544	617	788	1314	1397	1422	1730
454	280	640	737	742	1284	1921
455	628	1730	1869	1926
456	142	264	332	1569	1899
457	371	689	736	985	1139	1447	1461
458	314	1679	1816	1887
459	28	695	1442	1989
460	34	443	1010	1294	1555	1741	1784	1914
461	421	612	997	1183	1325	1374
462	266	408	600	1124	1388	1485	1707
463	598	724	975	1084	1453
464	289	334	948	1899
465	808	934	1798	1855
466	360	806	966	1776
467	190	566	828	1046	1059	1352	1916	1919
468	973	1190	1784
469	1	315	782
470	12	235	444	936	1191	1945
471	747	1367	1383
472	13	40	189	609	1564
473	35	339	711	741	1651	1817
474	157	935	1242	1332
475	544	759	1745
476	189	516	546	660	663	1150	1461	1501	1691
477	199	391	922	1144	1301	1437	1627	1869
478	1096	1333	1677
479	62	304	1258	1279	1455
480	222	633	991	1107	1694	1699	1739	1847
481	168	1264	1326	1393	1768
482	1662	1734	1803	1962
483	8	62	648	1093	1204
484	1458	1519
485	781	888	1216
486	275	607	1059
487	225	731	1505	1607
488	113	131	774	1280
489	203	775	1608	1618
490	21	359	956	1229	1711
491	237	379	1566	1734
492	216	1371	1887	1966	1989
493	1610
494	429	1122	1509	1785
495	285	1006	1231	1291	1317	1434	1714
496	27	127	210	530	629	819	980	1030	1064	1457	1648	1830
497	636	1331	1353
498	13	970	1054	1070	1185	1278	1499
499	3	859	1053	1623
500	160	173	568	857	909	961	1026	1172	1956
501	64	1062	1303
502	35	395	1235	1579
503	779	1057	1399
504	13	1060	1137	1315	1383	1977
505	82	86	165	210	861	1014	1331	1366	1499	1507	1868
506	5	312
507	5	1347	1433	1576
508	637	700	1064	1135	1658	1745
509	418	515	1138	1467	1552	1853
510	781	855	942	1666
511
512	574	1112	1286	1441
513	101	174	272	344	431	1206	1243
514	105	804	900
515	137	161	509	652	653	958	1038	1222
516	67	120	348	394	476	842	867	1162
517	64	721	1016	1212	1506	1598
518	931
519	163	935	1176	1607
520	84	574	581	597	1239	1436
521	163
522	134	328	352	633	1518
523	374	1082	1732	1835	1859	1982
524	14	379	862	1225	1463	1696	1785	1973
525	1415	1608	1671
526	594	693	1119	1120	1834	1974	1997
527	101	704	887	991	1195	1378
528	707	1560	1692
529	719	810	980	1343
530	379	387	496	690	1411
531	115	431	795	933	1191	1310	1415	1808
532	640	922	1886
533	777
534	75	683	1173	1182	1187
535	151	253	1010	1147	1600
536	64	224	416	537	1642	1834
537	21	101	165	536	1500	1588	1807	1942
538	1788	1790
539	373	1007
540	1444	1510	1830
541	579	939	972	1126
542	1648	1977
543	917	1057	1312
544	68	428	453	475	1263	1274	1332	1557
545	109	178	802	807	1346
546	476	653	1257	1293
547	851	1025	1605
548	44	234	943	1433	1451	1721	1751
549	770	1425	1477	1793	1984
550	356	1192	1482
551	190	745	781	803	838	870	1249	1428	1590
552	1482	1947
553	38
554	855	937	969	1553
555	204	249	1064	1612
556	143	361	954
557	153	336	1150	1777
558	53	671	769	781	1400	1407	1513	1735	1913	1994
559	163	1468	1778
560	213	613	709	762	1122	1144	1704	1838
561	128	985	1018	1137	1663	1925
562	197	610	770	903	1165	1436
563	52	603	1043	1202
564	245	290	426	801	1015	1175	1267	1648
565	268	586	662	1007	1243	1448	1776	1968	1973
566	30	467	589	1007	1412
567	399	1418	1500
568	394	500	691	984	1259	1363	1853
569	25	1219
570	150	153	295	1460
571	22	72	291
572	198	963	1636
573	277	926	1063	1182	1217	1867
574	178	512	520	632	953	1271	1500	1563	1943
575	18	94	420
576	1270	1542	1728	1867
577	249	308	915	1472	1721	1989
578	1150	1457
579	243	541	667	1006	1574	1971
580	1231
581	520	1559
582	184	254	318	355	1093	1177	1827
583	1194	1869
584	1422
585	51	154	249	807	917	1205	1232	1296	1378	1569
586	234	387	565	1098	1108	1251	1461	1822
587
588	253	851	1071	1290	1410	1570	1710
589	566	1227	1306	1520
590	182	1111	1548
591	1033	1148	1227	1772
592	127	210	1338
593	19	34	929	1428	1932
594	176	415	526	642	1048	1052	1067	1516	1784
595	355	695	882	940	1066	1470
596	90	680	723	874	1433	1484
597	520	817	1193	1818	1903
598	440	463	676	760	1759
599	287	306	340	1053	1252
600	462	678	683	803	890
601	1443	1553	1813	1907	1928
602	136	234	625	2000
603	120	247	417	563	1901
604	653	741	1115	1301	1610
605	795	889	1324	1391	1825
606	167	624	1690	1715
607	142	188	486	732	871	1158	1366	1436	1479
608	815	899	939	1268	1477	1681	1941	1946
609	472	1530	1902
610	562	662
611	53	944	1396	1502	1559	1755	1816
612	461	1648	1785	1957
613	168	560	717	1310	1311
614	1021	1210
615	349	930	1289	1453
616	1100
617	453
618	260	408	1290	1367	1452	1637	1728
619	20	372	413	719	785
620	308	1439	1841	1938
621	64	632	1080
622	309	336	1583	1994
623	662	896	966	1085	1422	1499	1534
624	56	212	606	1713
625	376	602	1291	1398	1574	1953
626	169	392	783	897	1097	1406
627	1219	1339	1494	1750	1878
628	73	455
629	289	496	1410	1447	1574
630	1156	1200	1789
631	193	798
632	302	445	574	621	760	883	1128	1288	1900
633	239	247	425	480	522	973
634	318	329	338	353
635	153	707	867	1389	1793
636	497	858	1850
637	297	508	903	1658
638	174	375	947	1670	1682	1725	1858	1945
639	805	997	1213	1601
640	454	532	751	1641
641	147	264	820	1618	1753
642	294	594	1538	1728
643	148	747	897	1123	1330	1475	1511	1816
644	79	439	686	1669	1748
645	1581	1762	1787
646	1237	1948
647	99	741	798	1289	1570
648	212	483	1251	1410	1800
649	675	1067	1123	1215	1304	1610	1827	1914
650	427	915	958	1988
651	909	995	1503	1606	1614
652	52	112	515	964	1132	1299
653	288	439	515	546	604	848	950	1066	1418	1875
654	374	857	1094
655	399	968	1484
656	696	1090	1138
657	62	183	1695
658	67
659	293	880	1011	1112	1781
660	201	296	476
661	3	30	87	293	419	777	809	1030	1121	1598	1848	1980
662	312	565	610	623	901	932	1622
663	476	1085	1162	1610	1709
664	1133	1494	1531
665	137	344	446	853	887	1345	1872
666	294	850	918	938	1212	1386
667	155	579	1759	1769	1864
668	205	671	926
669	1043	1271	1472	1500	1863	1969	1992
670	123	279	289	933	1432	1609
671	558	668	734	784	1145	1154	1198	1353
672	261	385	1263	1484	1527
673	75	380	1158	1431	1867	1896	1908
674	218	443	749	881	1269	1875	1881	1939
675	420	649	935	1039	1555
676	301	598	705	855
677	140	174	256	355	806	1651
678	600	768	990	1674	1813	1941
679	223	939	1551	1633
680	337	596	932
681	272	289	1107	1507	1601	1633	1774	1937
682	12	58	843	1716
683	119	534	600	710	1017	1228	1465
684	1018	1480	1791
685	970	1193	1632	1635	1770	1907
686	41	125	370	644	721
687	174	1070
688	952	1135	1403	1446	1478	1484	1577
689	252	457	706	859	951	1993
690	154	227	530	1183	1274	1450
691	25	34	568	840	1119
692	163	358	780	1418	1783
693	374	526	1128	1736	1908	1942	1979
694	166	170	918	1448	1470	1624	1682
695	148	459	595	1197	1827
696	40	130	260	282	656	1525	1541	1676	1757	1911	1943
697	208	342	721	946	1086	1344	1381	1810
698	1149	1635
699	349	450	1728
700	202	282	508	1065	1076	1115	1213	1219	1256	1639	1696	1697
701	195	1491
702	768	1029	1682	1789	1937
703	290	1561
704	13	234	236	527	994	1873
705	296	676	789
706	178	310	689
707	112	528	635	871	1227	1237	1533
708	395	937	1160	1337	1341	1573	1984
709	196	354	383	560	865	1463	1565	1641	1883
710	110	230	683	1247	1651
711	473
712	60	912	968	997	1481
713	40	243	1124	1383
714	724	860	1777	1812
715	54	1498
716	373	774
717	406	613	762	1046	1150	1986
718	795	1322	1616
719	344	380	529	619	1134	1363	1429
720	188	322	857	1637	1726
721	517	686	697	765	1087	1991
722	146	392	447	1039	1255
723	596
724	348	463	714	1040	1329	1466
725	799	1564	1725
726	301	1451	1635	1892	1896
727	1892
728	797	1590
729	137	1201	1311	1413	1619
730
731	487	815	1598	1685	1785
732	607	1236	1495
733	742	1001	1040	1740	1887
734	290	671	1008	1154	1417	1436	1527
735	188	346	931	1557	1780	1864
736	457	946	1203	1355	1476	1725	1831
737	189	203	231	404	454	1753
738
739	23	38	313	1330	1801
740	19	1202	1847	1889	1942
741	93	473	604	647	962	1270	1302	1838	1888
742	22	168	454	733	1217	1515	1942
743	61	81
744	835	1126	1366	1568
745	79	551	1700
746	56	93	446	1040	1202
747	471	643	799	1375
748	157	935	963	1080
749	174	259	314	674	1227	1307
750	861	1705	1913
751	449	640	1191	1213
752	1557	1957
753	1247	1378
754	27	438	808	1484	1534	1729
755	838	1107	1210	1234	1578	1661
756	1639
757	238	450	1626	1959
758	177	801	1339	1691	1916	1935
759	75	475	1308	1595
760	598	632	1008	1332	1654	1773
761	1601	1739	1821
762	560	717	928	1454	1490	1785
763	100	1531	1550	1618	1984
764	20	767
765	721	850	1040	1102	1817	1919
766	304	935	1328
767	764	1429	1678
768	41	321	678	702	1387	1768
769	558	777	1173	1279	1470	1737	1768	1887
770	59	272	549	562	1211	1481
771	8	1317	1886	1946
772	360	1008
773	295	1113	1173	1313	1530
774	65	317	488	716
775	255	332	385	489	1105	1302	1646
776	1015	1053	1185	1306
777	177	307	533	661	769	1571	1710	1768	1935
778	833	1010	1162	1425	1539	1637	1721	1835
779	420	503	899	1124	1204	1334
780	43	343	377	692	1242	1524
781	44	124	445	485	510	551	558	810	1706	1726
782	278	331	469	809	873	1581	1888	1907	1930
783	626	841	1116	1599	1613	1619	1679
784	671	1393	1427
785	364	619	906	994	1130	1378	1415	1669
786	166	804	806	1105	1464	1607	1650	1780	1949
787	398	921	1142	1209	1359
788	453	942	972	1606
789	316	705	863	954	1142	1436
790	270	1117	1251	1400	1956
791	1203
792	87	1983
793	153	265	302	859	1288
794	145	315	443	906	968	1327	1646	1904
795	531	605	718	932	1872
796	150	1107	1668
797	728	1648	1738	1812
798	84	418	631	647	1263	1959
799	725	747	1807
800	1510	1877	1960
801	564	758	832	1166	1397
802	8	545	1215	1528	1574	1643	1680
803	551	600	1266	1879
804	23	514	786	1040	1354	1974
805	372	418	639	1128	1376	1889	1933
806	307	466	677	786	1491	1598
807	427	545	585	1282	1544
808	71	357	440	450	465	754	979	1540
809	661	782	1995
810	73	179	529	781	1157	1737	1741
811	16	45	1551
812	145	844	955	1150	1224	1410
813	332	1107	1276	1413
814	879	966	977	1000	1580	1763
815	608	731	1010	1033	1535	1567
816	144	270	411	1113	1439
817	597	871	933	1514	1620	1688
818	23	1281	1376	1457	1720
819	496	865	1488
820	65	67	112	173	641	1062	1205
821	839	1669	1957
822	1131	1153	1189	1825
823	1105	1175
824	201	889	1136	1288	1480	1587	1652	1708	1712	1899
825	415	437	1049	1090	1091	1345	1730	1920
826	218	297	912	1015	1767	1911
827	242	1876	1995
828	118	467	1027	1227	1271	1515
829	1439	1681	1974
830	190	869	1960
831	189	955	1016	1041	1546	1641
832	305	801	1493
833	143	778	1383	1507	1705	1841
834	185	312	1039	1071	1181	1370	1648	1780	1941
835	64	157	744	1410
836	1218	1568	1621	1769
837	924	1005	1020	1143	1795
838	395	406	551	755	1389	1654	1892
839	216	299	821	910	1099
840	691	940	1072	1693	1807	2000
841	61	277	330	783	1097
842	516	920	1863
843	197	299	396	682	1006	1048	1371	1474	1479	1733	1780	1908
844	176	239	812	1124
845	422	953	1362	1832
846	278	965	1197	1473	1494	1926	1998
847	192	1111	1719	1847
848	95	653	1357	1642
849	1456	1794	1893	1951
850	666	765	1209	1943
851	237	547	588	1535	1679
852	3	1038	1333	1441
853	665	1200	1645	1650	1957
854	107	1152
855	510	554	676	1721	1882
856	1563
857	299	500	654	720	1351	1547	1827	1992
858	131	636
859	499	689	793	965	1428	1734	1826
860	192	714
861	280	505	750	1228	1334	1540	1613	1969
862	164	524	1086	1981	1982
863	297	789	1355	1436	1453	1621
864	1007	1166	1266	1611	1655	1694
865	157	709	819	1458
866	359	432	1078	1818
867	220	371	516	635	1779	1842
868	300	1503	1607	1745
869	830	959	997	1035	1228	1502	1595	1848	1960
870	551	1160
871	607	707	817	1039	1437	1645	1756	1849	1959
872	181	888	1310
873	81	116	782	916	1120	1154	1464
874	596	1893
875	87	1355	1623	1649
876	158	247	399	897	1884
877	79	160	247	332	885	1325	1424
878	349	446	1223	1716
879	317	814	1255	1286
880	107	185	245	347	437	659	1876
881	57	113	290	674	1326	1880
882	595	946	1922	1982
883	282	632	937	1801
884	199	1263	1577	1747	1965
885	240	877	1539	1545	1877
886	157	379	1009	1394	1941
887	241	527	665	905	919	970	1762	1959
888	485	872	1343	1381
889	204	259	605	824	954	1065	1260	1262	1974
890	600	909	1050	1518	1597	1719
891	206	1334	1597	1726
892	52	199
893	1022	1247	1495	1640
894	1394	1694
895	1370	1875
896	623	899	998	1016	1030	1119	1401	1588
897	365	417	626	643	876	1158	1209	1459	1654	1833
898	12	18	79	411	913	937	1455
899	62	608	779	896	974	1857
900	362	514	1262	1664	1753	1805
901	662	1005	1274	1561
902	102	1521	1799	1815	1893
903	177	376	562	637	1232	1738	1976
904	1052	1158	1266
905	24	65	183	887	1094	1354	1455	1895	1968	1969
906	785	794	1671	1722	1791
907	186	1325	1722
908	230	350	451	1315	1350	1873
909	196	366	447	500	651	890	1087	1831	1859	1984	1991
910	312	336	410	839	1053	1166	1618
911	189	1217
912	257	329	712	826	1352	1699	1883	1969
913	403	898	1218
914	1246	1268	1346	1474
915	194	577	650	1384	1888
916	873	1410	1675
917	77	543	585	1790	1904	1923
918	666	694	1713
919	83	887	1276	1402	1638
920	126	842	1868
921	54	787	1148	1176	1485
922	403	477	532	1137	1340	1801
923	1539	1932
924	304	837	1008	1079	1149	1675	1841	1948	1958
925	1355	1979
926	123	394	423	573	668	1178	1243	1726
927	983	1297	1793
928	762	957	1119	1268	1310	1346	1423
929	154	182	286	593	963	1378	1750
930	239	423	615	1360
931	97	518	735	1124	1349	1350
932	662	680	795	1024	1034
933	215	531	670	817	1045	1084	1218	1266	1547
934	3	364	465	1519
935	474	519	675	748	766	1065	1255	1429	1447	1472	1645	1768
936	373	470	1812
937	392	554	708	883	898	1127	1816	1914
938	160	666	1024	1066	1598	1636	1899
939	541	608	679	981	986	996	1037	1331	1408	1503	1854
940	211	227	595	840	1654
941	425	946	1304	1760
942	392	442	510	788	1030	1160	1842
943	548	1188	1330	1597	1954
944	89	611	1230	1727
945	310
946	697	736	882	941	1454	1517	1646	1960
947	340	638	1137	1735
948	119	464	1372	1448	1642	1743
949	392	449	961	1209
950	653	1761
951	173	324	689	1532
952	688	1037	1544
953	213	427	574	845	1175	1737	1766
954	439	556	789	889	992	1058	1750
955	47	227	812	831	1425	1764
956	70	216	308	406	490	1713
957	928	1117	1345	1410	1520
958	515	650	978	1421	1539	1754
959	869	1336	1514	1846	1915
960	1144	1394	1756	1944	1958
961	500	949	1020	1233	1561	1828
962	130	741	1907
963	572	748	929	1347	1826
964	167	212	652	1382	1876
965	117	846	859
966	127	199	466	623	814	1457	1627
967	97	135
968	98	348	655	712	794	1695	1791
969	63	554	1056	1090	1490	1553	1576	1715
970	316	498	685	887	1325	1751
971	981	1787
972	135	265	436	451	541	788	1094	1346	1789
973	468	633	1260	1735	1818	1903
974	146	899	1137	1214	1365
975	299	463	1060	1089
976	1419
977	181	270	379	814	1114
978	958
979	808	1661
980	496	529	1079	1838
981	336	939	971	1348	1820
982	72	1111	1358	1777
983	394	927	1060	1320	1980
984	244	568	1061	1075	1840	1984
985	457	561	1149
986	939
987	183	394	406	408	1914
988	222	1607	1694	1944
989	88	254	325	1042	1866
990	678	1207	1235	1372	1542
991	210	480	527	1634
992	954	1285	1522
993	66	90	326	1174	1633	1675
994	115	704	785	1065	1136	1381	1527	1916
995	651	1061	1272	1417	1949
996	939	1159	1583	1789
997	461	639	712	869	1519	1605
998	100	154	215	306	896	1138	1373	1380
999	1148	1264	1912
1000	814	1424
1001	66	385	733	1244	1417
1002	380	413	1436	1771	1861
1003	1011	1312	1432	1649
1004	1076	1124	1781	1967	1998
1005	837	901	1415	1823	1863
1006	495	579	843	1026	1128	1660	1745	1876	1887
1007	539	565	566	864	1169	1273
1008	47	734	760	772	924	1077	1421	1507
1009	353	886	1174	1235	1341	1437	1523	1589	1623
1010	71	157	460	535	778	815	1066	1918
1011	659	1003	1947
1012	212	290	440	1059	1552	1850	1980
1013	205	1017	1971
1014	58	280	505	1347	1479	1492
1015	80	564	776	826	1045	1347	1749
1016	517	831	896
1017	321	343	397	683	1013	1098	1698	1717
1018	351	561	684	1464	1660
1019	1586	1640	1891
1020	374	837	961	1027	1504	1941
1021	614	1080	1547	1944
1022	238	278	893	1343	1510	1520	1614	1651
1023	224	307	1340	1433	1923
1024	324	932	938
1025	547	1037	1389	1525	1723
1026	500	1006	1428	1493	1561
1027	828	1020	1041	1060	1660	1737	1793
1028	1243	1920
1029	702	1934
1030	496	661	896	942	1166	1549	1784
1031	192	237	253	1264	1366	1914	1975
1032	1873
1033	196	591	815	1213	1398	1973
1034	77	932	1319	1338	1448	1485	1762	1812	1983
1035	441	869	1879
1036	190	205	1890
1037	400	939	952	1025	1205	1599	1636	1773
1038	515	852
1039	675	722	834	871	1332	1681	1836	1917
1040	424	724	733	746	765	804	1184	1891
1041	163	831	1027	1206	1581	1707
1042	188	217	989	1152	1838
1043	563	669	1263	1790
1044	321	366	1722
1045	42	933	1015	1298	1412	1881	1905
1046	39	467	717	1301	1380	1450	1513	1564
1047	177	1053	1408	1658
1048	277	594	843	1089	1400	1756	1992
1049	19	825	1084	1343	1448	1485	1806	1930
1050	60	187	314	890	1174	1333	1423	1983
1051	1792
1052	594	904	1204	1262	1361	1510	1586	1653	1796	1853
1053	499	599	776	910	1047	1449	1985
1054	137	242	387	498	1325	1747
1055	238	1758	1876	1999
1056	969	1801	1836
1057	5	9	249	503	543	1087	1259	1673
1058	954	1861
1059	406	467	486	1012	1306
1060	56	504	975	983	1027	1593
1061	984	995	1105	1426	1659	1954
1062	501	820	1380	1642	1907
1063	179	573	1126	1198	1564	1715
1064	57	257	412	496	508	555	1491	1634
1065	700	889	935	994	1335	1440	1495	1859	1870	1912
1066	595	653	938	1010	1156	1269	1324	1396
1067	65	131	211	328	594	649	1082	1792	1962
1068	5	1110	1652	1852
1069	182	390	1294	1345	1533	1539	1666
1070	498	687
1071	363	588	834
1072	37	424	840	1182	1565	1656	1935
1073	1114	1291	1477
1074	179	1658	1918
1075	362	984	1415	1691
1076	700	1004	1295
1077	43	295	356	1008	1162	1564	1873	1987
1078	247	866	1290	1652	1717
1079	924	980	1345
1080	301	621	748	1021	1180	1326	1550	1949
1081	152	366	1644	1768
1082	523	1067	1260	1520	1878
1083	1381	1745
1084	60	371	463	933	1049	1189	1450	1493	1558
1085	623	663
1086	256	697	862	1294	1452	1766
1087	721	909	1057	1370	1844
1088	203	1136	1140	1297	1334	1421	1510	1816	1937
1089	47	975	1048	1277	1348	1800	1901	1910
1090	133	176	216	656	825	969	1112	1142	1465	1546
1091	825	1378	1422	1442	1891
1092	1312
1093	237	451	483	582
1094	654	905	972	1260	1371	1704	1905	1953
1095	265	291	1107	1500	1872
1096	306	478	1566
1097	51	408	626	841	1585
1098	438	586	1017	1775	1832
1099	126	245	839	1433	1434	1874
1100	616
1101	42	288
1102	765	1441	1705
1103	74	290	1190	1523
1104	106	350	1585	1921
1105	109	197	775	786	823	1061	1180	1316	1801
1106	341	1243	1247	1262	1392
1107	480	681	755	796	813	1095
1108	149	586	1123	1270	1527	1593	1728	1787	1939
1109	206	1319	1630	1818
1110	191	346	427	1068	1230	1472	1533	1910	1981
1111	590	847	982	1808
1112	41	69	102	253	412	512	659	1090
1113	417	773	816	1809	1963
1114	256	330	977	1073	1123	1312	1527
1115	604	700	1445	1552
1116	783	1307	1633	1726	1937
1117	451	790	957	1141	1465	1560	1662
1118	97	1329	1454	1473	1684
1119	342	526	691	896	928	1414	1428
1120	33	526	873	1227	1339
1121	661	1280	1455
1122	163	368	494	560	1194	1548	1807
1123	643	649	1108	1114	1131	1268	1354	1615	1788
1124	123	166	342	462	713	779	844	931	1004	1470	1662
1125	162	364	1370	1558	1584	1616
1126	61	400	541	744	1063	1489	1561	1962
1127	937
1128	233	632	693	805	1006	1524	1768
1129	394	1504	1901
1130	785	1563	1645	1723	1787
1131	822	1123	1231	1332	1765
1132	173	279	652	1990
1133	664	1676	1702	1868
1134	5	101	719	1277	1380
1135	184	355	415	508	688	1536
1136	824	994	1088	1555	1845
1137	504	561	922	947	974	1231	1236	1253	1768
1138	190	509	656	998	1188	1753
1139	457	1281	1416	1516
1140	38	95	1088	1257	1269	1325	1655	1871	1941
1141	1117	1604
1142	42	74	787	789	1090	1549	1617	1973
1143	837	1448	1755
1144	416	477	560	960	1294	1683	1855	1933
1145	22	208	671	1427	1991	2000
1146	375	1260	1409	1933
1147	58	67	270	535	1183	1535
1148	319	591	921	999	1512	1938
1149	380	698	924	985	1187	1245	1775
1150	118	124	476	557	578	717	812	1257	1507
1151	1327	1495	1694
1152	128	305	854	1042	1211
1153	106	144	146	822	1418	1670	1721	1747
1154	450	671	734	873	1227	1357
1155	119	131	171	1319	1356	1609
1156	13	49	83	257	325	630	1066
1157	95	810	1582	1678
1158	49	607	673	897	904	1952
1159	21	440	996	1523	1813
1160	330	708	870	942	1164	1610	1641	1856
1161	1279	1532	1551	1813	1832
1162	257	516	663	778	1077	1173	1590	1620
1163	83	88
1164	188	1160	1590	1637	1660
1165	562	1237	1882
1166	448	801	864	910	1030	1242	1279	1703	1792	1898	1976
1167	383	1341
1168	1491	1714	1837
1169	171	1007
1170	7
1171	20	93	109	165	203	227	1333	1496
1172	1	500	1818	1872
1173	221	534	769	773	1162	1425	1603	1927	1967
1174	82	274	993	1009	1050
1175	340	564	823	953	1197	1547
1176	519	921	1574	1809
1177	11	126	582	1925
1178	926
1179	1315	1399	1699	1865	1899
1180	305	315	1080	1105	1293	1386
1181	834	1257
1182	272	534	573	1072	1655	1821	1884	1923
1183	210	461	690	1147	1777
1184	150	1040	1291	1350
1185	69	498	776	1220	1437
1186	1484	1568	1897
1187	534	1149	1720	1781
1188	943	1138	1234
1189	43	822	1084	1207	1209	1251	1385	1481	1618
1190	364	468	1103	1420	1648	1944
1191	118	393	470	531	751	1332	1605	1998
1192	80	83	382	550	1523
1193	217	267	597	685
1194	342	583	1122	1258
1195	133	366	527	1812
1196	73	407	413	1211	1281	1507	1797	1904
1197	311	695	846	1175	1529	1534	1576	1599	1635	1977
1198	162	319	420	671	1063	1345	1789	1934
1199	1272	1648
1200	348	630	853	1441	1713
1201	281	380	729	1205	1230	1728
1202	126	264	563	740	746	1438
1203	736	791	1446	1793	1805
1204	483	779	1052	1536	1991
1205	32	585	820	1037	1201	1687
1206	122	513	1041	1901
1207	294	990	1189	1569	1891
1208	84	297	1369	1514	1520
1209	14	29	787	850	897	949	1189	1693
1210	56	70	614	755
1211	371	399	770	1152	1196	1415	1552
1212	82	103	207	517	666	1245	1279	1479
1213	135	194	291	639	700	751	1033	1490	1957
1214	102	135	172	974
1215	380	649	802	1785	1796
1216	57	485
1217	207	235	573	742	911	1354	1998
1218	130	836	913	933	1908
1219	569	627	700	1358	1429	1756	1872
1220	1185	1247
1221	72	127	283	1441	1829	1926
1222	30	319	342	515	1412
1223	94	181	185	226	281	878	1546	1555
1224	18	27	39	192	812	1732	1960
1225	36	186	251	524	1365	1509	1548	1561
1226	201	1249	1801	1810
1227	589	591	707	749	828	1120	1154	1515	1843	1897
1228	683	861	869	1393
1229	264	300	490	1411	1765
1230	245	944	1110	1201	1347	1517	1769
1231	214	495	580	1131	1137	1356	1720
1232	124	585	903	1983
1233	961	1339
1234	755	1188	1649	1849
1235	194	502	990	1009	1307
1236	59	210	732	1137	1278	1937
1237	240	646	707	1165	1544	1594	1912
1238	42	1391
1239	520
1240	131	1322	1915
1241	1785
1242	409	474	780	1166	1417	1641
1243	288	513	565	926	1028	1106	1565	1964
1244	1001	1683	1699	1780
1245	268	1149	1212	1814
1246	10	96	228	914
1247	710	753	893	1106	1220	1934	1967
1248
1249	551	1226	1604
1250	1331	1758	1779
1251	10	586	648	790	1189	1530	1624	1789
1252	599
1253	1137	1273
1254	93	1573	1617	1813	1870
1255	358	722	879	935	1397
1256	412	700	1850	1986
1257	147	260	398	546	1140	1150	1181	1549
1258	253	479	1194
1259	69	137	326	568	1057	1507	1943
1260	74	95	135	212	889	973	1082	1094	1146	1493	1742	1972
1261	61	261	1339	1531	1617
1262	12	889	900	1052	1106	1757
1263	544	672	798	884	1043
1264	481	999	1031	1610	1892
1265	1443	1648	1809
1266	3	803	864	904	933	1592
1267	185	564	1718
1268	396	608	914	928	1123
1269	101	674	1066	1140	1570	1795
1270	576	741	1108
1271	574	669	828
1272	240	269	369	995	1199	1335	1934
1273	89	115	156	291	308	1007	1253
1274	544	690	901	1575
1275	1410	1433	1597	1954
1276	813	919	1608	1851
1277	13	1089	1134	1777
1278	364	498	1236
1279	55	174	307	479	769	1161	1166	1212	1367	1463	1575	1924
1280	164	296	488	1121	1981
1281	224	818	1139	1196	1491	1569	1589
1282	275	807
1283	286	1515	1852
1284	389	454
1285	434	992	1417	1559	1687	1693	1743	1850	1987
1286	290	512	879	1690	1961
1287	345	432	1678	1716
1288	632	793	824	1483	1970
1289	426	615	647	1398	1973
1290	14	90	588	618	1078	1385	1575
1291	46	152	242	495	625	1073	1184
1292	147	284	324	1402	1478
1293	91	321	546	1180	1560
1294	460	1069	1086	1144	1538	1803	1861
1295	345	1076	1349
1296	585
1297	421	927	1088	1362	1802	1927
1298	242	243	355	364	1045
1299	652	1843
1300	79	255	1621	1724	1903
1301	477	604	1046	1418	1695	1914
1302	87	211	741	775	1582	1885
1303	501	1371	1843
1304	388	649	941	1655
1305	46	349	1351	1617
1306	589	776	1059	1390	1899	1915
1307	749	1116	1235	1411
1308	296	372	759	1323	1798
1309	88	304	1678	1779
1310	90	106	169	448	531	613	872	928	1804
1311	613	729	1738
1312	543	1003	1092	1114	1936
1313	773
1314	394	453	1334	1429
1315	19	256	504	908	1179	1647	1963
1316	377	1105
1317	495	771	1765
1318	104	211	441	1547	1624
1319	1034	1109	1155
1320	198	320	983	1552
1321	69	293	1770
1322	328	718	1240	1911
1323	32	224	1308	1699	1814
1324	605	1066
1325	461	877	907	970	1054	1140	1427	1771
1326	481	881	1080	1954
1327	794	1151	1583	1898
1328	45	766	1408	1474	1688	1723
1329	33	724	1118
1330	155	348	643	739	943
1331	72	497	505	939	1250	1339	1386
1332	227	474	544	760	1039	1131	1191	1805	1941
1333	438	478	852	1050	1171	1337	1410	1546	1571
1334	282	354	779	861	891	1088	1314
1335	1065	1272	1685
1336	959
1337	708	1333	1638
1338	592	1034
1339	222	627	758	1120	1233	1261	1331	1725	1994
1340	922	1023	1710	1909
1341	708	1009	1167	1553	1917
1342	86	163	200	1891
1343	529	888	1022	1049
1344	255	697	1801
1345	121	353	665	825	957	1069	1079	1198	1423	1582	1803
1346	116	336	396	545	914	928	972	1424	1824
1347	507	963	1014	1015	1230	1649	1943
1348	45	366	981	1089	1375	1415	1659
1349	231	931	1295	1414
1350	226	363	908	931	1184	1679	1997
1351	857	1305	1654
1352	47	467	912	1486	1517	1649	1654	1804
1353	450	497	671	1783
1354	80	804	905	1123	1217	1895
1355	341	736	863	875	925	1971
1356	1155	1231	1568	1694	1721
1357	45	78	144	198	848	1154	1579	1696	1807	1928
1358	982	1219	1428	1454
1359	61	787	1753	1851
1360	930	1717
1361	1052	1881
1362	845	1297	1932
1363	401	568	719	1521	1985
1364	1718
1365	257	317	408	974	1225
1366	347	505	607	744	1031
1367	471	618	1279	1377	1854
1368	1920	1958
1369	1208	1504	1620
1370	300	444	834	895	1087	1125	1629
1371	82	215	492	843	1094	1303
1372	948	990	1597	1617
1373	161	998
1374	186	461	1394	1610	1645
1375	747	1348
1376	805	818
1377	1367	1873
1378	130	202	527	585	753	785	929	1091	1423	1463	1634	1711	1860	1990
1379	7	1397	1560	1880
1380	163	202	327	396	998	1046	1062	1134
1381	110	447	697	888	994	1083	1496
1382	964	1387
1383	127	406	471	504	713	833	1767	1862
1384	915
1385	346	1189	1290	1405	1955
1386	666	1180	1331	1473	1789
1387	768	1382	1612	1887
1388	462	1572	1584	1612
1389	635	838	1025	1471	1632	1874	1891
1390	113	1306
1391	155	605	1238	1435	1794
1392	241	315	380	1106	1780	1835	1928
1393	63	149	319	481	784	1228	1408	1445	1651
1394	265	886	894	960	1374
1395
1396	322	344	371	611	1066	1412	1713	1762
1397	131	453	801	1255	1379
1398	142	625	1033	1289	1871
1399	503	1179	1420	1707	1780
1400	413	558	790	1048
1401	896
1402	14	919	1292	1658	1873
1403	688	1481	1517	1767	1828	1952
1404	126	304	1680
1405	347	1385	1530	1583	1755
1406	67	626
1407	558	1887
1408	127	184	939	1047	1328	1393	1623
1409	289	392	1146	1816	1852	1889
1410	588	629	648	812	835	916	957	1275	1333	1504
1411	48	107	267	530	1229	1307	1526	1877
1412	566	1045	1222	1396	1460
1413	347	729	813	1462	1667
1414	396	1119	1349	1535	1960
1415	285	525	531	785	1005	1075	1211	1348
1416	1139	1724	1910
1417	273	734	995	1001	1242	1285	1473
1418	178	567	653	692	1153	1301	1867
1419	976
1420	1190	1399	1486
1421	958	1008	1088	1779
1422	453	584	623	1091	1437	1741	1758
1423	928	1050	1345	1378	1760
1424	877	1000	1346
1425	549	778	955	1173	1608	1939
1426	1061	1592
1427	118	228	784	1145	1325	1490
1428	16	367	551	593	859	1026	1119	1358	1489
1429	55	719	767	935	1219	1314	1994
1430	316	346	1796
1431	282	673	1463
1432	670	1003	1610
1433	121	153	415	507	548	596	1023	1099	1275
1434	183	200	358	495	1099	1645
1435	10	1391	1510
1436	91	520	562	607	734	789	863	1002
1437	477	871	1009	1185	1422	1527
1438	1202	1466	1958
1439	620	816	829
1440	302	368	1065
1441	90	512	852	1102	1200	1221	1555
1442	312	459	1091	1464	1556	1758	1835
1443	251	601	1265	1727	1787	1842
1444	540
1445	83	226	1115	1393	1893
1446	171	688	1203	1505	1858
1447	457	629	935
1448	565	694	948	1034	1049	1143	1708	1752
1449	239	338	1053	1516	1887	1945
1450	164	444	690	1046	1084	1575	1779
1451	548	726
1452	618	1086	1855
1453	284	349	463	615	863	1515
1454	372	762	946	1118	1358	1539
1455	479	898	905	1121	1470
1456	243	259	849
1457	496	578	818	966
1458	181	484	865	1509	1628	1885
1459	348	897	1664
1460	341	570	1412	1903
1461	457	476	586	1481
1462	291	1413	1939
1463	365	524	709	1279	1378	1431	1527	1645	1818	1841	1935
1464	171	207	786	873	1018	1442	1470
1465	74	83	102	683	1090	1117	1748	1764
1466	724	1438	1642	1680	1823	1852	1912
1467	509	1484	1541	1846
1468	559	1624
1469	167	245	1823
1470	595	694	769	1124	1455	1464	1543
1471	90	1389	1490	1970
1472	293	577	669	935	1110	1652	1733	1736
1473	176	846	1118	1386	1417	1578
1474	843	914	1328
1475	643
1476	149	736	1863
1477	549	608	1073	1517	1971
1478	179	365	688	1292
1479	354	607	843	1014	1212	1785
1480	684	824	1596	1835
1481	127	712	770	1189	1403	1461	1496	1509	1739	1787
1482	550	552	1647	1776	1873
1483	304	1288	1598
1484	596	655	672	688	754	1186	1467	1526	1878
1485	227	462	921	1034	1049	1513
1486	253	1352	1420	1886
1487	11	145
1488	819	1685	1712	1798
1489	1126	1428
1490	80	113	263	762	969	1213	1427	1471	1496	1866
1491	214	701	806	1064	1168	1281	1615	1734
1492	1014
1493	377	832	1026	1084	1260	1539	1920
1494	627	664	846	1511
1495	233	732	893	1065	1151	1586	1631	1633
1496	1171	1381	1481	1490
1497	362	438	1503	1595
1498	715	1990
1499	226	498	505	623	1870
1500	228	537	567	574	669	1095	1980
1501	476	1667	1729
1502	611	869	1533	1613	1677
1503	651	868	939	1497	1577	1789	1904
1504	1020	1129	1369	1410	1534	1697
1505	183	487	1446
1506	196	517	1821
1507	505	681	833	1008	1150	1196	1259	1688
1508	1731	1811	1949
1509	337	345	357	494	1225	1458	1481
1510	230	540	800	1022	1052	1088	1435
1511	225	299	643	1494	1616	1907
1512	1148	1630
1513	333	558	1046	1485	1592	1744	1998
1514	817	959	1208	1929	1956
1515	101	103	742	828	1227	1283	1453
1516	235	304	594	1139	1449
1517	946	1230	1352	1403	1477	1672	1910
1518	112	522	890	1789
1519	130	203	484	934	997	1681	1780
1520	336	589	957	1022	1082	1208	1863
1521	16	46	295	902	1363	1531	1821	1925
1522	992	1570	1864
1523	1009	1103	1159	1192	1655
1524	780	1128
1525	178	696	1025	1932
1526	59	1411	1484	1609	1795
1527	672	734	994	1108	1114	1437	1463
1528	802	1682	1781
1529	276	1197	1777	1887
1530	609	773	1251	1405	1664	1840	1991
1531	47	664	763	1261	1521	1742	1801
1532	72	443	951	1161	1698
1533	707	1069	1110	1502	1920
1534	623	754	1197	1504	1679
1535	239	815	851	1147	1414	1686	1883
1536	1135	1204	1816
1537	28	229
1538	642	1294
1539	778	885	923	958	1069	1454	1493
1540	808	861
1541	233	696	1467	1560	1620
1542	576	990	1772
1543	1470	1569	1639
1544	290	807	952	1237
1545	320	415	885
1546	831	1090	1223	1333	1888	1916
1547	140	857	933	1021	1175	1318
1548	372	590	1122	1225
1549	1030	1142	1257	1789
1550	763	1080	1659	1750	1778
1551	679	811	1161
1552	38	169	509	1012	1115	1211	1320	1886	1986
1553	385	554	601	969	1341	1988
1554	99	170	221	1770	1806	1869	1912	1974
1555	460	675	1136	1223	1441	1752
1556	110	1442	1678
1557	42	544	735	752	1946
1558	322	1084	1125	1867
1559	581	611	1285	1872
1560	528	1117	1293	1379	1541
1561	321	703	901	961	1026	1126	1225
1562	394	451	1584
1563	156	574	856	1130	1826
1564	272	373	472	725	1046	1063	1077	1782
1565	709	1072	1243	1892
1566	491	1096	1578	1805	1908
1567	386	815
1568	73	433	744	836	1186	1356	1609	1816
1569	456	585	1207	1281	1543	1652	1687	1740
1570	8	432	588	647	1269	1522	1798
1571	33	154	777	1333
1572	395	1388	1802	1980
1573	445	708	1254	1584	1702
1574	579	625	629	802	1176
1575	1274	1279	1290	1450	1998
1576	176	228	269	360	507	969	1197	1668	1863
1577	75	440	688	884	1503
1578	344	755	1473	1566	1951
1579	502	1357	1936
1580	814	1674	1704
1581	355	372	645	782	1041
1582	1157	1302	1345	1629	1699	1971
1583	49	75	142	622	996	1327	1405	1584	1873
1584	1125	1388	1562	1573	1583	1889
1585	1097	1104
1586	1019	1052	1495	1981
1587	78	824	1798	1841	1908
1588	537	896	1702	1955
1589	1009	1281
1590	551	728	1162	1164
1591	1629
1592	1266	1426	1513
1593	197	321	451	1060	1108	1664	1735	1890
1594	337	435	1237
1595	10	759	869	1497
1596	9	1480	1903
1597	307	890	891	943	1275	1372	1798
1598	172	517	661	731	806	938	1483	1946
1599	783	1037	1197
1600	143	215	535
1601	639	681	761	1810
1602
1603	236	253	1173	1610	1658
1604	266	1141	1249	1965
1605	326	547	997	1191	1860
1606	89	225	651	788	1792	1875
1607	487	519	786	868	988	1658
1608	489	525	1276	1425
1609	29	262	288	670	1155	1526	1568	1765
1610	435	493	604	649	663	1160	1264	1374	1432	1603
1611	249	864
1612	21	555	1387	1388	1775
1613	18	216	783	861	1502	1640
1614	651	1022	1620	1952
1615	1123	1491	1717
1616	718	1125	1511	1749	1826	1996
1617	192	1142	1254	1261	1305	1372
1618	489	641	763	910	1189	1768
1619	301	729	783
1620	817	1162	1369	1541	1614	1926
1621	836	863	1300	1792
1622	16	185	259	662	1806
1623	499	875	1009	1408	1668	1702	1793	1978
1624	694	1251	1318	1468
1625	411	1873
1626	757	1667	1731
1627	477	966
1628	1458	1892	1977
1629	1370	1582	1591	1656
1630	426	1109	1512
1631	197	1495	1946	1956
1632	46	68	340	685	1389	1682	1745
1633	117	679	681	993	1116	1495
1634	49	991	1064	1378	1644	1759	1775	1885
1635	262	685	698	726	1197
1636	572	938	1037
1637	228	618	720	778	1164
1638	158	919	1337
1639	700	756	1543	1810
1640	893	1019	1613	1760
1641	640	709	831	1160	1242
1642	536	848	948	1062	1466	1940
1643	381	802
1644	1081	1634
1645	77	853	871	935	1130	1374	1434	1463	1670
1646	165	775	794	946	1707
1647	1315	1482
1648	114	496	542	564	612	797	834	1190	1199	1265
1649	100	300	875	1003	1234	1347	1352
1650	333	368	786	853	1936
1651	290	473	677	710	1022	1393	1947
1652	40	271	326	417	824	1068	1078	1472	1569
1653	298	359	1052
1654	93	105	760	838	897	940	1351	1352	1930
1655	282	445	864	1140	1182	1304	1523
1656	1072	1629
1657
1658	245	508	637	1047	1074	1402	1603	1607	1674
1659	147	1061	1348	1550
1660	81	1006	1018	1027	1164	1795
1661	294	755	979	1771
1662	201	349	482	1117	1124
1663	73	101	561	1730	1872
1664	223	259	319	452	900	1459	1530	1593	1843
1665	108	272	1818
1666	163	223	510	1069	1708
1667	90	409	1413	1501	1626	1671	1691	1721
1668	35	326	377	405	796	1576	1623	1724
1669	202	420	644	785	821	1843
1670	4	7	174	398	638	1153	1645
1671	307	525	906	1667	1904
1672	204	1517
1673	1057	1952
1674	135	678	1580	1658	1692
1675	414	916	924	993	1741	1768
1676	696	1133
1677	23	259	393	478	1502	1862
1678	396	767	1157	1287	1309	1556
1679	146	384	443	458	783	851	1350	1534	1792
1680	237	802	1404	1466
1681	136	417	608	829	1039	1519	1688
1682	638	694	702	1528	1632	1706
1683	34	428	1144	1244	1854	1932
1684	1118	1729	1819
1685	56	109	450	731	1335	1488	1859	1958
1686	80	129	1535
1687	78	97	111	235	346	435	1205	1285	1569	1709	1754
1688	117	182	817	1328	1507	1681
1689	171
1690	20	606	1286	1832
1691	476	758	1075	1667	1842	1970
1692	528	1674
1693	364	840	1209	1285
1694	232	480	864	894	988	1151	1356
1695	657	968	1301
1696	524	700	1357	1948
1697	247	700	1504	1860
1698	52	108	1017	1532
1699	480	912	1179	1244	1323	1582	1864
1700	350	745	1796
1701	146	407
1702	27	131	1133	1573	1588	1623	1990
1703	228	384	1166	1718	1884
1704	560	1094	1580	1838	1935
1705	404	750	833	1102	1765
1706	781	1682	1839	1842
1707	225	462	1041	1399	1646	1721
1708	824	1448	1666
1709	663	1687
1710	588	777	1340	1867
1711	218	298	490	1378	1847
1712	264	824	1488
1713	100	276	624	918	956	1200	1396	1733	1784	1873
1714	54	495	1168
1715	62	173	606	969	1063	1729	1761	1870	1960
1716	682	878	1287	1755
1717	1017	1078	1360	1615	1819	1992
1718	85	1267	1364	1703	1739	1851
1719	847	890
1720	127	818	1187	1231	1793
1721	7	548	577	778	855	1153	1356	1667	1707
1722	906	907	1044	1864	1867	1916
1723	1025	1130	1328
1724	1300	1416	1668
1725	638	725	736	1339
1726	720	781	891	926	1116
1727	45	175	944	1443
1728	212	576	618	642	699	1108	1201
1729	754	1501	1684	1715
1730	158	453	455	825	1663
1731	6	337	1508	1626	1778	1992
1732	523	1224
1733	323	385	843	1472	1713
1734	414	482	491	859	1491	1752
1735	558	947	973	1593	1941
1736	272	693	1472
1737	278	769	810	953	1027
1738	341	797	903	1311
1739	480	761	1481	1718	1861
1740	733	1569
1741	460	810	1422	1675
1742	1260	1531	1969
1743	137	439	948	1285	1805
1744	1513
1745	10	475	508	868	1006	1083	1632
1746	169	1808	1819
1747	884	1054	1153	1955
1748	644	1465
1749	296	1015	1616	1773
1750	122	124	166	627	929	954	1550	1914	1994
1751	548	970
1752	8	312	1448	1555	1734	1837
1753	11	429	641	737	900	1138	1359	1835	1856
1754	958	1687
1755	154	227	449	611	1143	1405	1716
1756	155	871	960	1048	1219	1841	1941
1757	696	1262	1827
1758	113	1055	1250	1422	1442	1899	1906
1759	79	176	410	598	667	1634	1815
1760	310	416	941	1423	1640	1816
1761	950	1715
1762	99	341	353	645	887	1034	1396
1763	814	1827	1910
1764	166	955	1465
1765	274	445	1131	1229	1317	1609	1705
1766	159	425	953	1086	1903
1767	418	826	1383	1403
1768	481	768	769	777	935	1081	1128	1137	1618	1675	1930
1769	290	667	836	1230	1885
1770	266	685	1321	1554	1802
1771	22	92	170	1002	1325	1661	1807
1772	93	382	591	1542	1824	1852
1773	8	326	760	1037	1749
1774	133	219	681	2000
1775	127	292	373	1098	1149	1612	1634	1978
1776	452	466	565	1482
1777	557	714	982	1183	1277	1529	1903	1954
1778	36	52	559	1550	1731
1779	867	1250	1309	1421	1450	1985
1780	241	339	735	786	834	843	1244	1392	1399	1519	1796
1781	118	174	240	659	1004	1187	1528	1829
1782	22	1564	1867
1783	692	1353
1784	214	301	460	468	594	1030	1713	1872	1900
1785	163	266	494	524	612	731	762	1215	1241	1479
1786	125	1811
1787	645	971	1108	1130	1443	1481	1814	1851
1788	27	243	538	1123
1789	250	305	630	702	972	996	1198	1251	1386	1503	1518	1549
1790	371	538	917	1043
1791	232	239	384	684	906	968
1792	1051	1067	1166	1606	1621	1679
1793	252	306	549	635	927	1027	1203	1623	1720
1794	849	1391	1868	1985
1795	837	1269	1526	1660
1796	354	427	1052	1215	1430	1700	1780
1797	7	143	1196
1798	199	465	1308	1488	1570	1587	1597
1799	440	902	1986
1800	8	159	208	648	1089	1873
1801	739	883	922	1056	1105	1226	1344	1531	1874
1802	362	1297	1572	1770
1803	289	363	373	482	1294	1345
1804	379	1310	1352
1805	290	900	1203	1332	1566	1743
1806	40	370	1049	1554	1622
1807	427	537	799	840	1122	1357	1771	1988
1808	80	235	531	1111	1746
1809	171	224	1113	1176	1265
1810	697	1226	1601	1639	1952
1811	232	1508	1786	1844
1812	714	797	936	1034	1195
1813	601	678	1159	1161	1254
1814	241	1245	1323	1787
1815	902	1759	1831
1816	458	611	643	937	1088	1409	1536	1568	1760	1863
1817	99	473	765
1818	597	866	973	1109	1172	1463	1665
1819	20	340	1684	1717	1746
1820	327	981
1821	402	761	1182	1506	1521	1908
1822	298	586	1957
1823	316	1005	1466	1469
1824	1346	1772
1825	123	256	605	822	1908
1826	859	963	1563	1616
1827	193	290	582	649	695	857	1757	1763
1828	184	961	1403	1996
1829	284	365	1221	1781
1830	267	496	540	1924
1831	41	736	909	1815
1832	279	375	845	1098	1161	1690
1833	225	897
1834	113	380	526	536	1897
1835	523	778	1392	1442	1480	1753
1836	39	1039	1056	1928
1837	353	1168	1752	1938	1941
1838	560	741	980	1042	1704	1948
1839	1706
1840	153	340	984	1530
1841	359	620	833	924	1463	1587	1756
1842	380	867	942	1443	1691	1706
1843	345	1227	1299	1303	1664	1669	1911
1844	1087	1811
1845	4	117	1136
1846	5	959	1467
1847	355	426	480	740	847	1711
1848	4	380	661	869
1849	438	871	1234	1884	1997
1850	249	636	1012	1256	1285
1851	307	392	1276	1359	1718	1787
1852	1068	1283	1409	1466	1772
1853	127	509	568	1052	1905	1983	1999
1854	416	939	1367	1683	1908
1855	288	465	1144	1452
1856	191	1160	1753
1857	899	1877	1964
1858	638	1446
1859	122	523	909	1065	1685	1912	1978
1860	1378	1605	1697	1994
1861	211	271	366	1002	1058	1294	1739
1862	256	1383	1677
1863	32	47	344	669	842	1005	1476	1520	1576	1816	1917
1864	286	667	735	1522	1699	1722	1985
1865	93	1179	1984
1866	284	289	386	989	1490
1867	89	573	576	673	1418	1558	1710	1722	1782	1975
1868	426	505	920	1133	1794	1872
1869	82	455	477	583	1554
1870	113	1065	1254	1499	1715	1874	1941
1871	1140	1398
1872	68	665	795	1095	1172	1219	1559	1663	1784	1868
1873	704	908	1032	1077	1377	1402	1482	1583	1625	1713	1800
1874	1099	1389	1801	1870
1875	188	653	674	895	1606
1876	88	827	880	964	1006	1055
1877	335	800	885	1411	1857
1878	627	1082	1484
1879	803	1035	1938
1880	361	881	1379
1881	452	674	1045	1361
1882	151	855	1165	1892	1960	1972
1883	8	290	709	912	1535	1963
1884	162	292	303	876	1182	1703	1849
1885	101	184	226	419	1302	1458	1634	1769
1886	532	771	1486	1552
1887	458	492	733	769	1006	1387	1407	1449	1529
1888	741	782	915	1546	1948
1889	211	365	367	740	805	1409	1584	1933
1890	1036	1593
1891	1019	1040	1091	1207	1342	1389
1892	261	726	727	838	1264	1565	1628	1882
1893	18	126	849	874	902	1445	1939
1894
1895	905	1354
1896	34	673	726
1897	1186	1227	1834	1958
1898	7	1166	1327	1940
1899	102	456	464	824	938	1179	1306	1758
1900	361	632	1784
1901	260	381	407	603	1089	1129	1206
1902	609
1903	201	597	973	1300	1460	1596	1766	1777
1904	278	287	449	794	917	1196	1503	1671
1905	1045	1094	1853
1906	1758
1907	79	377	601	685	782	962	1062	1511
1908	68	673	693	843	1218	1566	1587	1821	1825	1854
1909	198	1340
1910	294	377	1089	1110	1416	1517	1763
1911	135	388	412	696	826	1322	1843
1912	999	1065	1237	1466	1554	1859	1970
1913	28	424	558	750
1914	58	140	150	460	649	937	987	1031	1301	1750
1915	959	1240	1306
1916	391	467	758	994	1546	1722	1946
1917	96	120	190	353	1039	1341	1863
1918	141	281	1010	1074
1919	115	467	765
1920	11	385	441	825	1028	1368	1493	1533
1921	425	454	1104
1922	228	882
1923	917	1023	1182
1924	1279	1830
1925	561	1177	1521
1926	103	455	846	1221	1620
1927	207	295	1173	1297
1928	276	277	601	1357	1392	1836
1929	218	1514
1930	782	1049	1654	1768
1931	48	111	267
1932	78	593	923	1362	1525	1683	1962
1933	450	805	1144	1146	1889
1934	133	1029	1198	1247	1272
1935	758	777	1072	1463	1704
1936	141	209	355	1312	1579	1650
1937	48	681	702	1088	1116	1236
1938	344	620	1148	1837	1879
1939	99	213	674	1108	1425	1462	1893
1940	324	1642	1898
1941	122	192	322	608	678	834	886	1020	1140	1332	1735	1756	1837	1870
1942	164	537	693	740	742
1943	420	574	696	850	1259	1347
1944	263	960	988	1021	1190	1992
1945	423	470	638	1449	1973
1946	608	771	1557	1598	1631	1916
1947	13	452	552	1011	1651
1948	646	924	1696	1838	1888
1949	13	260	786	995	1080	1508
1950	41	206
1951	343	397	849	1578
1952	209	1158	1403	1614	1673	1810
1953	175	625	1094
1954	943	1061	1275	1326	1777
1955	1385	1588	1747
1956	500	790	1514	1631
1957	612	752	821	853	1213	1822
1958	924	960	1368	1438	1685	1897
1959	319	757	798	871	887
1960	800	830	869	946	1224	1414	1715	1882
1961	377	1286
1962	43	482	1067	1126	1932
1963	1113	1315	1883
1964	1243	1857
1965	401	884	1604
1966	492
1967	248	1004	1173	1247
1968	75	276	565	905
1969	10	161	669	861	905	912	1742
1970	1288	1471	1691	1912
1971	224	579	1013	1355	1477	1582
1972	256	1260	1882
1973	524	565	1033	1142	1289	1945
1974	148	526	804	829	889	1554
1975	167	437	1031	1867
1976	220	903	1166
1977	504	542	1197	1628	1981
1978	24	126	364	1623	1775	1859
1979	273	693	925
1980	661	983	1012	1500	1572
1981	89	862	1110	1280	1586	1977
1982	2	20	523	862	882	1991
1983	325	792	1034	1050	1232	1853	1996
1984	134	231	549	708	763	909	984	1865
1985	43	433	1053	1363	1779	1794	1864
1986	342	717	1256	1552	1799
1987	1077	1285
1988	181	650	1553	1807
1989	251	459	492	577
1990	258	1132	1378	1498	1702
1991	29	193	721	909	1145	1204	1530	1982
1992	340	669	857	1048	1717	1731	1944
1993	51	689
1994	219	558	622	1339	1429	1750	1860
1995	16	361	809	827
1996	1616	1828	1983
1997	526	1350	1849
1998	846	1004	1191	1217	1513	1575
1999	1055	1853
2000	26	61	602	840	1145	1774
